0.033846153846153845 0.020451010886469678
0.08923076923076922 0.05388802488335925
0.15384615384615385 0.09160186625194403
0.2153846153846154 0.12503888024883358
0.28923076923076924 0.15303265940902022
0.3507692307692308 0.18374805598755833
0.4246153846153846 0.21018662519440123
0.5230769230769231 0.2342923794712286
0.5846153846153846 0.24401244167962677
0.676923076923077 0.2506220839813375
0.7538461538461538 0.25178849144634524
0.8430769230769231 0.24828926905132193
0.9261538461538461 0.24401244167962677
1.043076923076923 0.2366251944012442
1.1815384615384614 0.2292379471228616
1.4092307692307693 0.2249611197511664
1.603076923076923 0.22690513219284603
1.7846153846153847 0.2342923794712286
1.9015384615384616 0.2389580093312597
2.04 0.24323483670295493
2.129230769230769 0.2412908242612753
2.212307692307692 0.23623639191290824
2.2984615384615386 0.22884914463452566
2.3876923076923076 0.22418351477449455
2.4953846153846153 0.2202954898911353
2.6123076923076924 0.2175738724727838
2.72 0.21562986003110418
2.8615384615384616 0.21640746500777608
2.993846153846154 0.21640746500777608
