0.04878048780487805 0.5030791788856305
0.14634146341463417 0.5102639296187683
0.3048780487804878 0.5297653958944282
0.39634146341463417 0.5441348973607039
0.5914634146341463 0.5903225806451613
0.8048780487804879 0.6406158357771261
1.0670731707317074 0.7052785923753666
1.298780487804878 0.7586510263929619
1.576219512195122 0.8181818181818181
1.8201219512195124 0.8756598240469209
2.0609756097560976 0.9280058651026393
2.3109756097560976 0.991642228739003
2.554878048780488 1.040909090909091
2.807926829268293 1.0983870967741935
2.9420731707317076 1.1250733137829911
2.9908536585365857 1.137390029325513
