0.02434077079107505 0.01687211093990755
0.05476673427991886 0.030354391371340526
0.0973630831643002 0.05192604006163328
0.14908722109533468 0.07503852080123266
0.20385395537525355 0.09699537750385209
0.26774847870182555 0.1216486902927581
0.34685598377281945 0.15246533127889061
0.41683569979716023 0.17480739599383668
0.5202839756592292 0.20292758089368262
0.5841784989858012 0.21563944530046225
0.6419878296146044 0.224884437596302
0.7150101419878296 0.23335901386748847
0.8184584178498986 0.23990755007704162
0.9279918864097363 0.2418335901386749
1.0588235294117647 0.23952234206471495
1.1379310344827587 0.23682588597842835
1.3022312373225151 0.2291217257318952
1.420892494929006 0.22295839753466873
1.588235294117647 0.2144838212634823
1.8073022312373226 0.20446841294298923
2.050709939148073 0.19714946070878275
2.184584178498986 0.19406779661016949
2.394523326572008 0.1921417565485362
2.607505070993915 0.1921417565485362
2.832657200811359 0.19252696456086288
2.9878296146044625 0.19368258859784282
