0.029843649641982162 0.08161653543307144
0.05905171974349133 0.21651477382291603
0.08101723697954405 0.3611541057367836
0.1027643126077244 0.4963629077615301
0.12179300378238223 0.6287084645669296
0.14048189690034973 0.7564410151856026
0.15917079001831724 0.8847568194600677
0.17785968313628475 1.01423913104612
0.19488734131043295 1.1410643982002258
0.21336858006042303 1.2720372469066368
0.23205747317839054 1.4155176462317218
0.2505387119283806 1.5668395669291344
0.2638285914789352 1.701728547324442
0.27877970597330926 1.8361893454724414
0.2953920554115026 1.9913186164229473
0.31055082427385405 2.1387521794150737
0.3223871232485668 2.2628555961754784
0.3336004591193472 2.3924675196850393
0.34325638723029717 2.5178670556805405
0.35300131007038027 2.645766250200868
0.362879725004163 2.777414932508437
0.37409306087494354 2.904758647356581
0.38717528605752083 3.0442534800337464
0.40378763549571417 3.193469206974128
0.41832344125413334 3.3204888920134983
0.44697974403501683 3.4412636389201356
0.48435753027095174 3.404088582677166
0.504915312700716 3.275124718785152
0.5254730951304802 3.1442814820022496
0.5445017863051381 3.020260545556806
0.5703264386136023 2.9105028121484815
0.6114420034731308 2.8177124578177732
0.6525575683326593 2.8076380764904387
0.6936731331921878 2.8198333802024753
0.7347886980517163 2.8198333802024753
0.7759042629112449 2.811879921259843
0.8170198277707734 2.751433633295839
0.8484171682089587 2.624019221034871
0.865950747934179 2.508057789651294
0.8861687323072531 2.3778861782902143
0.9048576254252205 2.2414048228346464
0.9235465185431881 2.1008406917885267
0.943764502916262 1.9640411979752534
0.9665309727145135 1.8292111320906324
1.0076465375740418 1.7153630483689544
1.0487621024335703 1.6538562992125991
1.0898776672930988 1.6273447694038257
1.1309932321526273 1.5859867829021381
1.1721087970121558 1.5165265748031502
1.2132243618716843 1.4375222159730037
1.254339926731213 1.3638201631046123
1.2954554915907415 1.2927692632170984
1.33657105645027 1.2031602924634426
1.373948842686205 1.0859793307086625
1.4094577396103432 0.9582467800899893
1.4487044151580748 0.8346500281214849
1.4898199800176033 0.7275434476940389
1.5309355448771318 0.6527809336332965
1.5720511097366603 0.5955160292463445
1.613166674596189 0.546204583802026
1.6542822394557175 0.5037861361079871
1.695397804315246 0.4672002249718785
1.7365133691747745 0.42902362204724465
1.7776289340343028 0.38819586614173274
1.8187444988938313 0.3436564960629931
1.8598600637533598 0.310782199100113
1.9009756286128883 0.2763172103487069
1.9420911934724168 0.25457775590551224
1.9832067583319453 0.23071737907761605
2.0243223231914738 0.2010244656917888