0.021551300932744266 0.08546722637631765
0.060820279376980424 0.2665776815776831
0.09940927551049389 0.49770650225195734
0.13115921878808479 0.6998094498094513
0.16030169143571205 0.9306493506493512
0.18984692283661359 1.1586125808348036
0.22350604721738743 1.3791860402971519
0.25903512295264874 1.5997594997594997
0.29456419868791 1.8192132969910757
0.32958328769012935 2.0257400848309945
0.3600124960949703 2.2432453789596654
0.38576028782214344 2.481105931105931
0.4071012711125176 2.7183020683020684
0.427330744856518 2.9480567580567576
0.44603025840139243 3.1868807118807116
0.46472977194626675 3.4398124098124097
0.48342928549114117 3.692744107744108
0.5036587592351416 3.9403624994534083
0.5226982639353773 4.1734151034151035
0.539735598498485 4.382120143231254
0.5563573883161511 4.592616642616642
0.5713169991520507 4.8193482443482445
0.5879387889697169 5.061755117310672
0.603854152720132 5.286919191919192
0.6292854911411612 5.518689273689272
0.6685544695853973 5.695585727403909
0.709693399384121 5.832998819362455
0.7508323291828446 5.9639993003629375
0.7919712589815682 6.073929773929774
0.8331101887802919 6.079426297608116
0.8705092158700405 5.908219763775319
0.8961898811383346 5.658759018759019
0.9209979024412012 5.4248055956389285
0.9434373186950504 5.201432980599648
0.9674590014796196 4.988718688718689
1.008885616102111 4.811561502470593
1.0500245459008344 4.693386243386243
1.091163475699558 4.586204031658577
1.1323024054982818 4.433217455944729
1.1697014325880304 4.22648709315376
1.2019061503597583 3.940973224306559
1.2332797786406033 3.6806517556517555
1.270678805730352 3.461757789535568
1.3080778328201008 3.2340592067864797
1.3492167626188243 3.02519130700949
1.390355692417548 2.822736018190564
1.4314946222162714 2.6074555074555072
1.4726335520149951 2.3857623857623858
1.5137724818137188 2.1796427478245666
1.5549114116124423 1.9982574664392843
1.596050341411166 1.8397743670470956
1.6371892712098897 1.6941164895710359
1.6783282010086131 1.56219992129083
1.7194671308073368 1.4385281385281388
1.7606060606060605 1.3176046176046174
1.801744990404784 1.2067580567580567
1.8428839202035074 1.1124010669465219
1.8840228500022314 1.0336175608902893
1.9251617798009548 0.9566662293935027
1.9663007095996783 0.891624032533124
2.0074396393984024 0.8274979229524688
2.048578569197126 0.7661200752109845
2.0897174989958494 0.7148191875464609
2.130856428794573 0.670846998119726
2.1719953585932963 0.6277908959727148
2.2131342883920198 0.5920634920634922
2.254273218190744 0.5581682627137181
2.2954121479894676 0.5233569460842191
2.336551077788191 0.4912938912938922
2.3776900075869145 0.4683917093008012
2.418828937385638 0.4445734400279866
2.4412683536394875 0.43083213083213145