0.02504031936922574 0.05967864541566392
0.04272359827970679 0.13469549140158543
0.05857757247531048 0.19719734770857444
0.07321201019432927 0.257457713326799
0.08662691143676315 0.3168994475630402
0.09882227620261219 0.3755680299385191
0.11101764096846117 0.4402399091152098
0.12443254221089506 0.5068219281831952
0.1334571121376233 0.565763387686002
0.14174996017840064 0.6304352668626922
0.15181667945784688 0.7047074595190068
0.15979910003185716 0.7798727045920306
0.16711631889136658 0.8523298509014223
0.17443353775087594 0.9300998321898479
0.18086382099105092 1.0073530007371225
0.18845820723160234 1.0851849995544862
0.19577542609111176 1.1672755353589355
0.20309264495062107 1.2505030591939175
0.2107978981435893 1.3286038006366798
0.21700644747893072 1.4002960640891677
0.22158894817882546 1.4725947211579395
0.22890616703833488 1.545665151920164
0.23662989805670587 1.6201606076806556
0.24435362907507685 1.694231587909749
0.2516708479345863 1.7639668537824111
0.2589880667940957 1.8324893324225053
0.2663052856536051 1.9019214014870256
0.27362250451311443 1.972566257784114
0.2817527476903472 2.04290791727306
0.2888482326450229 2.1090323847942134
0.29476113677391946 2.1848040234835207
0.30248486779229045 2.2595117170097123
0.31020859881066154 2.329732097775402
0.3185827492832112 2.395950280673617
0.3256560608474035 2.462036159510097
0.33419281618349783 2.531433774391874
0.34627731399692996 2.595994022016476
0.3585835457151958 2.658458077162969
0.3841938117234788 2.6763687395203033
0.40797477301688423 2.620573635985625
0.4230313579777977 2.561187876544733
0.4356582510353616 2.501826606076807
0.44982704755422975 2.4407021295553775
0.4622441462249123 2.3760302503786868
0.4744395109907613 2.3124498797113073
0.48663487575661035 2.2507796489352225
0.4988302405224593 2.189655172413793
0.5098060688117234 2.126893433128397
0.5195623606244026 2.06549607947964
0.5271610109785085 1.9940232626680099
0.5374488956143144 1.9215533948142207
0.5472051874269936 1.8492409560723515
0.5569614792396729 1.7767011197243754
0.566717771052352 1.7064352594374645
0.5782109784528946 1.6419163568321546
0.5915150127429117 1.5781375300721732
0.6061494504619305 1.5297886645120005
0.6329792529467982 1.515648667914105
0.6598090554316661 1.5198658598818984
0.6866388579165339 1.5253234024284543
0.7134686604014018 1.5302848047435056
0.7402984628862694 1.5302848047435056
0.7671282653711373 1.5029970920107245
0.7927385313794202 1.4485208945914638
0.8110315785281936 1.3812566827051591
0.8302189524264627 1.3209963170869345
0.8479428825528299 1.2593260863108497
0.8668050467240098 1.197655855534765
0.8829842306467028 1.1354398705040243
0.8976186683657215 1.0726781312186282
0.9110335696081555 1.0091887195936913
0.9232289343740046 0.9469727345629511
0.9354242991398534 0.8863940122961775
0.9476196639057024 0.828544061302682
0.9610345651481365 0.7695571222786537
0.9768885393437401 0.7089069321928183
0.9941496710123263 0.6548262839361474
1.0207918525007964 0.6015102913659449
1.0476216549856643 0.5422215337010843
1.074451457470532 0.4921113703190687
1.1012812599553998 0.45341243226167016
1.1281110624402677 0.42637278964464187
1.1549408649251354 0.4040464792269125
1.1817706674100033 0.3854412205454705
1.208600469894871 0.3708050837160699
1.2354302723797388 0.3591457882757001
1.2622600748646067 0.35021526410860826
1.2890898773494743 0.34326930086753604
1.3159196798343422 0.3368194778579703
1.34274948231921 0.3273928134593729
1.3695792848040778 0.31449316744024003
1.3964090872889456 0.299112820263582
1.4232388897738133 0.28224405239240813
1.4500686922586812 0.2646310741739768
1.476898494743549 0.2509872178075865
1.5037282972284167 0.24131248329323673
1.5305580997132846 0.23337423958915515
1.5573879021981523 0.22518792576932078
1.5842177046830201 0.21898617287550692
1.611047507167888 0.21228827975018794
1.6378773096527557 0.20360582569884889
1.6647071121376236 0.1949233716475094
1.6915369146224912 0.18475249690165452
1.7183667171073593 0.17383741180854217
1.745196519592227 0.16217811636817236
1.7720263220770947 0.14927847034903952
1.7988561245619623 0.1356346139826492
1.8256859270468304 0.12248689784776401
1.852515729531698 0.10884304148137325
1.8793455320165657 0.09519918511498293
1.9061753345014338 0.08205146898009774
1.9330051369863015 0.06915182296096489
1.9598349394711692 0.05699638728908951
1.9866647419560373 0.04781779300624489
2.013494544440905 0.03938340907065818
2.0403243469257726 0.03293358606109198
2.0671541494106407 0.02995674467206122
2.0939839518955083 0.02846832397754584
2.120813754380376 0.02846832397754584
2.1476435568652437 0.025987622820020206
2.1744733593501118 0.02747604351453603
2.2013031618349794 0.02846832397754584
2.228132964319847 0.02846832397754584
2.254962766804715 0.02846832397754584
2.281792569289583 0.02995674467206122
2.3086223717744505 0.031197095250823814
2.3354521742593186 0.031197095250823814
2.3622819767441863 0.031197095250823814
2.389111779229054 0.031197095250823814
2.415941581713922 0.031197095250823814
2.43545416533928 0.029559832486857562
