0.02207595526561046 0.09405107586925787
0.048986486486486513 0.19099099099099082
0.07589701770736257 0.30304519395428464
0.10357205265610442 0.4109950859950864
0.12290307548928242 0.5321048321048325
0.1382805219012116 0.6716079716079717
0.15051258154706437 0.8001228501228503
0.16029822926374648 0.9212325962325965
0.17308629162077438 1.0530265802993073
0.18220473608404653 1.179673888764798
0.1915455816317886 1.3094482912664729
0.201071761416589 1.4517745017745023
0.21085740913327122 1.6056101556101554
0.22064305684995345 1.756101556101556
0.23042870456663556 1.9056374556374562
0.24021435228331778 2.0570843570843573
0.2502594679318818 2.2079666443302814
0.25742078285181735 2.3471744471744476
0.26712488350419383 2.4970925470925476
0.2756873252562908 2.644717444717445
0.2830265610438025 2.7740285740285744
0.29036579683131414 2.9052507052507055
0.29770503261882575 3.0364728364728366
0.30504426840633747 3.1702429702429704
0.3123835041938491 3.307835107835108
0.3197227399813607 3.4422422422422425
0.3270619757688724 3.5747383747383745
0.334401211556384 3.707871507871508
0.34174044734389564 3.838456638456638
0.34907968313140736 3.965856765856766
0.35641891891891897 4.091982891982893
0.3637581547064306 4.218109018109018
0.3710973904939423 4.344235144235144
0.3784366262814539 4.47036127036127
0.3857758620689655 4.597761397761397
0.39311509785647725 4.726435526435527
0.40045433364398886 4.858294658294659
0.4077935694315006 4.987605787605787
0.416615479115479 5.129193656466384
0.4237767940354147 5.272153972153973
0.43374036261967297 5.41584394311667
0.4409016775396085 5.549058149058149
0.4506057781919851 5.683210483210483
0.4595388884181988 5.825493261856899
0.46976933830382106 5.985339885339885
0.4820013979496738 6.12006552006552
0.4942334575955266 6.246764946764946
0.5076887232059646 6.376904176904176
0.5223671947809879 6.512585312585312
0.5370456663560113 6.639189189189189
0.5529473438956197 6.7651105651105645
0.5676258154706431 6.885995085995086
0.5920899347623486 7.0044077134986225
0.6190004659832247 7.048708212344576
0.6459109972041007 7.032551559824287
0.6728215284249768 6.998153525426252
0.6997320596458527 6.951768297222842
0.7266425908667289 6.894438239892785
0.7535531220876048 6.819909165363711
0.780463653308481 6.729744620653712
0.8073741845293569 6.620296329387238
0.8330615097856477 6.493857493857494
0.84858681625923 6.372494172494172
0.8681027630064142 6.257185527773763
0.8877795899347625 6.12006552006552
0.9050424761631657 5.984413784413785
0.9187971278488518 5.861976025612389
0.9333643988816402 5.734807534807535
0.9480428704566635 5.597215397215397
0.9627213420316869 5.4596232596232595
0.9773998136067101 5.322031122031122
0.9920782851817336 5.184438984438984
1.0067567567567568 5.049235599235599
1.02143522833178 4.923587223587224
1.0373369058713886 4.795823095823096
1.0542736038425693 4.662735462735463
1.0680282555282554 4.5397364306455215
1.083630546992616 4.418862218862219
1.097385198678302 4.300513736877374
1.1131756756756757 4.177477477477478
1.1303005591798696 4.043570843570844
1.1474254426840633 3.910483210483211
1.1645503261882573 3.7806715806715805
1.181675209692451 3.6533169533169536
1.198800093196645 3.5325143325143324
1.2162511649580614 3.4106470106470113
1.235496272134203 3.2893222768222765
1.255526269804287 3.169287469287469
1.27892008387698 3.0417280917280918
1.3046630094043887 2.920422902241084
1.3296831314072695 2.7920556920556923
1.354147250698975 2.6676494676494675
1.3786113699906803 2.544389844389844
1.4042986952469712 2.4211302211302215
1.431209226467847 2.299694736058373
1.4581197576887233 2.179822798004616
1.4850302889095992 2.0745439654530564
1.5119408201304754 1.9776040503313235
1.5388513513513513 1.88691832328196
1.5657618825722275 1.7998808726081457
1.5926724137931034 1.7185764276673368
1.6195829450139796 1.640920259102078
1.6464934762348555 1.5658700022336385
1.6734040074557317 1.4949892040801132
1.7003145386766079 1.4272354999627739
1.7272250698974836 1.361566525202889
1.7541356011183598 1.297461097461098
1.781046132339236 1.2375251284342195
1.8079566635601116 1.1755044300498847
1.8348671947809878 1.117653190380464
1.861777726001864 1.0608443153897706
1.8886882572227401 1.0045566227384413
1.9155987884436159 0.9487901124264768
1.942509319664492 0.8940659667932405
1.9694198508853682 0.8482019209291947
1.9963303821062444 0.8122403395130666
2.02324091332712 0.7820117638299457
2.0501514445479962 0.752825552825553
2.0770619757688724 0.7241605241605242
2.1039725069897486 0.6944531308167674
2.1308830382106243 0.6663092844911036
2.1577935694315005 0.638165438165438
2.1847041006523766 0.6115851388578655
2.211614631873253 0.5865683865683868
2.2385251630941285 0.5651999106544565
2.2654356943150047 0.5459161640979833
2.292346225535881 0.5266324175415082
2.3192567567567566 0.5057851239669429
2.3461672879776327 0.48076837167746245
2.373077819198509 0.4510609783337056
2.399988350419385 0.4203112203112207
2.426898881640261 0.39737919737919736
2.4415773532152842 0.39164619164619197
