0.029878607355000003 0.27566758663189195
0.06971002886460137 0.28697057829940775
0.10954145037420276 0.30107339359098695
0.14575183356474947 0.32057998369608787
0.17653065927671413 0.34603907947930335
0.20368844666962416 0.37209114202358207
0.2290357149030069 0.39816357365507316
0.2543829831363896 0.4237471471934736
0.2779197322102449 0.44922208560007637
0.29964596212457295 0.47374646660344755
0.321372192038901 0.4986510705681112
0.34309842195322904 0.5227952286101899
0.3666351710270843 0.5474282447453589
0.39198243926046705 0.5723600074929722
0.419140226653377 0.5971288175428886
0.44810853320581445 0.6222235329881987
0.4788873589177791 0.6465578025109235
0.5132872229487985 0.6715004287717166
0.5513081252988725 0.6963670104402511
0.5911395468084739 0.7198025711453754
0.6309709683180753 0.7442751035631157
0.6708023898276766 0.768229150124548
0.710633811337278 0.7906277391170562
0.7504652328468794 0.8118856592256866
0.7902966543564808 0.8311733330803464
0.8301280758660821 0.8468316059408498
0.8699594973756835 0.8580309004371038
0.9097909188852848 0.8633194561714461
0.9496223403948862 0.8679858288782185
0.9894537619044876 0.8725485044137296
1.029285183414089 0.8774222714630253
1.0691166049236904 0.8828145243686291
1.1089480264332918 0.8879993829317097
1.1487794479428932 0.8934953330085751
1.1886108694524944 0.8991986774279637
1.2284422909620958 0.9049020218473524
1.2682737124716972 0.9107090634380026
1.3081051339812986 0.9159976191723449
1.3479365554909 0.9205602947078557
1.3877679770005014 0.9237749070169657
1.4275993985101028 0.926885822154814
1.4674308200197042 0.9291671599225695
1.5072622415293055 0.9312411033478019
1.547093663038907 0.9326928637454643
1.5869250845485083 0.9336261382868188
1.6267565060581095 0.9352852930270046
1.666587927567711 0.9359074760545742
1.7064193490773123 0.9376703279660217
1.7462507705869137 0.9386036025073763
1.786082192096515 0.9405738487613469
1.8259136136061165 0.9425440950153174
1.8657450351157179 0.9437884610704568
1.9055764566253193 0.9452402214681194
1.9454078781349207 0.9473141648933516
1.985239299644522 0.9486622281197525
2.0250707211541235 0.9496991998323687
2.064902142663725 0.9516694460863393
2.1047335641733262 0.9521879319426474
2.1445649856829276 0.9540544810253564
2.184396407192529 0.954158178196618
2.2242278287021304 0.956024727279327
2.2640592502117314 0.9564395159643735
2.3038906717213328 0.9564395159643735
2.343722093230934 0.957891276362036
2.3835535147405356 0.9587208537321289
2.423384936250137 0.9587208537321289
