0.026928573307265447 1.2224286355518625
0.06733677593568355 1.218843232195895
0.1077449785641017 1.2145215406507557
0.14447970822629996 1.2082862112033241
0.1738674919560586 1.200952801164588
0.1995818027195974 1.1934572959344467
0.22529611348313622 1.185408431257785
0.251010424246675 1.1773595665811234
0.2748879985271039 1.1696293027979128
0.2969288363244229 1.1619996498231606
0.3189696741217418 1.1543699968484082
0.34284724840217073 1.1462205213632883
0.36856155916570954 1.1380710458781684
0.39427586992924835 1.1304749298395689
0.42182691717589704 1.1228096438701543
0.45121470090565574 1.115194663304969
0.4824392211185242 1.1077704240641524
0.5173372142976126 1.1001759848723605
0.5559086804429209 1.0925217889579693
0.5963168830713389 1.0853189697160701
0.636725085699757 1.0777960251745313
0.6771332883281752 1.0704331432828122
0.7175414909565933 1.0635184368105892
0.7579496935850114 1.0569878806979343
0.7983578962134295 1.051257637834379
0.8387660988418477 1.0466478335195637
0.8791743014702658 1.043766705822804
0.9195825040986838 1.0421660793246044
0.9599907067271021 1.0408215530661165
1.0003989093555201 1.0395090393375928
1.0408071119839382 1.0382925631989608
1.0812153146123564 1.037108099590293
1.1216235172407745 1.0357955858617691
1.1620317198691927 1.0345150846632094
1.2024399224976108 1.0332025709346855
1.2428481251260288 1.0318260321462338
1.283256327754447 1.030449493357782
1.3236645303828651 1.0290409420393662
1.3640727330112832 1.0272482403613825
1.4044809356397014 1.0252314509736506
1.4448891382681195 1.023470761825631
1.4852973408965375 1.0221902606270712
1.5257055435249558 1.0214539724378993
1.5661137461533738 1.0208457343685833
1.6065219487817919 1.0201734712393393
1.6469301514102102 1.0194051705202036
1.6873383540386282 1.0187329073909597
1.7277465566670462 1.0181886943815717
1.7681547592954643 1.0177405189620758
1.8085629619238826 1.0176444813721839
1.8489711645523008 1.0171322808927599
1.8893793671807186 1.017036243302868
1.929787569809137 1.016908193183012
1.9701957724375552 1.016460017763516
2.010603975065973 1.01633196764366
2.0510121776943913 1.016235930053768
2.0914203803228095 1.015787754634272
2.1318285829512273 1.015627691984452
2.1722367855796456 1.01553165439456
2.212644988208064 1.0150834789750642
2.2530531908364817 1.014923416325244
2.2934613934649 1.0147633536754241
2.3338695960933182 1.0142831657259643
2.374277798721736 1.0142191406660364
2.4146860013501543 1.0137389527165763
2.438563575630583 1.0135148650068284
