0.012269938650306749 0.49948186528497407
0.0950920245398773 0.5025906735751295
0.19938650306748468 0.5119170984455959
0.3404907975460123 0.527461139896373
0.5552147239263804 0.5689119170984456
0.6840490797546013 0.5979274611398964
0.9171779141104295 0.6507772020725389
1.1441717791411044 0.7046632124352331
1.3650306748466259 0.7564766839378239
1.6042944785276074 0.8062176165803109
1.825153374233129 0.854922279792746
2.1595092024539877 0.9202072538860103
2.4355828220858897 0.9730569948186528
2.6717791411042944 1.0176165803108808
2.911042944785276 1.0642487046632123
3 1.0818652849740933
